start:320
end:800
wavelength#coldwhite,red,blue,purple,warmwhite
320#0.000704,0.000062,0,0.000058,0.000198
321#0.000964,0.000011,0.000082,0.000058,0.000057
322#0.000975,0.000121,0.000043,0.000136,0.000252
323#0.000731,0.000046,0.000067,0.00001,0.000093
324#0.000181,0.000082,0.000039,0.00005,0.000264
325#0.001271,0.000005,0.000006,0.00001,0.000056
326#0.000803,0,0.000148,0.000078,0.000168
327#0.000555,0.000015,0,0.000112,0.00015
328#0.000714,0.000045,0.000128,0.000148,0.000235
329#0.000313,0,0,0.000037,0.00009
330#0.001163,0.000028,0.000047,0,0.000161
331#0.001003,0,0.000039,0.000133,0.000206
332#0.001661,0.000005,0.000007,0.00004,0.000116
333#0.00128,0,0,0.00011,0.000296
334#0.002097,0.000076,0.00019,0.000157,0.00015
335#0.001148,0.000048,0.000021,0.00017,0.000236
336#0.002466,0.000016,0.000073,0.000034,0.000277
337#0.001021,0.000002,0.000105,0.000193,0.000297
338#0.002413,0.000009,0,0.000021,0.000291
339#0.000798,0,0,0,0.000199
340#0.001271,0.000028,0.000217,0.000006,0.000139
341#0.001493,0.000081,0.000143,0.000171,0.000345
342#0.001578,0.000013,0.000056,0.000141,0.000173
343#0.001705,0.000054,0.000102,0.000211,0.000417
344#0.000866,0.000023,0.000098,0.000218,0.000233
345#0.000998,0.000012,0.000097,0.000059,0.00026
346#0.000285,0.000008,0.000071,0.000097,0.000208
347#0.002035,0.00003,0.000026,0.000217,0.000356
348#0.001982,0.000053,0.000001,0.000162,0.000161
349#0.002707,0,0.000149,0.00011,0.000285
350#0.00111,0,0.00002,0.000099,0.000279
351#0.001082,0.000042,0.000145,0.000239,0.00026
352#0.000941,0,0,0.000161,0.0002
353#0.001995,0.000052,0.000042,0.000148,0.000241
354#0.000074,0,0,0.000138,0.000178
355#0.001326,0.000056,0.00013,0.000236,0.000231
356#0.000475,0.000003,0.000004,0.00005,0.00002
357#0.000584,0.000065,0.000058,0.000184,0.000306
358#0.000319,0,0.000006,0.000147,0.000261
359#0.000922,0.000023,0.000048,0.000189,0.000134
360#0.001153,0,0,0.000089,0.000237
361#0.000983,0.000016,0.000061,0.000153,0.000132
362#0.000871,0.000014,0.000079,0.000199,0.000193
363#0.000749,0.000034,0.00002,0.000087,0.000172
364#0.000316,0.00004,0.000041,0.000172,0.000205
365#0.001112,0.000068,0.000073,0.000152,0.000181
366#0.001273,0,0.000054,0.000145,0.000206
367#0.000249,0.000004,0,0.000153,0.000127
368#0.000827,0.000036,0.00005,0.000175,0.000168
369#0.000672,0,0.000013,0.000178,0.000044
370#0.000636,0.000007,0.000064,0.00023,0.000148
371#0.000749,0.000064,0.000053,0.000334,0.000154
372#0.000822,0,0.000054,0.000331,0.000153
373#0.000347,0.000004,0.000038,0.000356,0.00015
374#0.000897,0.000027,0.000051,0.000494,0.000127
375#0.00046,0.000004,0,0.000671,0.000095
376#0.000526,0,0.000031,0.00079,0.000109
377#0.000171,0,0.00002,0.000988,0.00013
378#0.000434,0,0.000032,0.001176,0.000085
379#0.000437,0.000029,0.00004,0.001506,0.000109
380#0.000145,0.000003,0.000004,0.001811,0.000081
381#0.000475,0,0.000024,0.002241,0.0001
382#0.000111,0.000007,0.000029,0.00275,0.000078
383#0.000223,0.000014,0.000006,0.003355,0.00008
384#0.000119,0.000018,0.000034,0.004034,0.000114
385#0.000502,0.00002,0.000048,0.004886,0.00009
386#0.000051,0,0.000007,0.005663,0.000084
387#0.000242,0,0.000012,0.006746,0.000092
388#0.000146,0,0.000005,0.008024,0.000075
389#0.000392,0.000012,0.000029,0.009397,0.000105
390#0.000119,0.000012,0.000014,0.010699,0.000066
391#0.000388,0.000002,0.000025,0.012293,0.000083
392#0.000256,0.000003,0,0.014214,0.000065
393#0.000325,0.00002,0.000016,0.015748,0.000061
394#0.000277,0,0.000018,0.017286,0.000074
395#0.0003,0.000001,0.000012,0.018604,0.000054
396#0.000181,0.000009,0.000017,0.02015,0.000083
397#0.000238,0.000006,0.000031,0.021185,0.000075
398#0.000325,0.000004,0.000005,0.02147,0.00006
399#0.000293,0.000003,0.000002,0.021247,0.000067
400#0.000253,0.000004,0.000022,0.020742,0.00008
401#0.000213,0.000002,0.000007,0.019195,0.000063
402#0.000262,0.000003,0.000029,0.017777,0.000075
403#0.000147,0.000006,0.00002,0.015686,0.000083
404#0.000374,0,0.000029,0.01379,0.000073
405#0.000077,0.000001,0.000011,0.01212,0.000082
406#0.00028,0.00002,0.000028,0.010343,0.000094
407#0.000249,0,0.000015,0.009103,0.000084
408#0.000322,0.000003,0.000015,0.008059,0.000081
409#0.000304,0,0.000008,0.007142,0.000106
410#0.000344,0.000006,0.000025,0.00634,0.000118
411#0.000322,0.000005,0.000023,0.005619,0.000144
412#0.000401,0.000002,0.000026,0.004874,0.000134
413#0.000424,0,0.000032,0.004232,0.00015
414#0.000523,0.000009,0.000037,0.003667,0.000167
415#0.000583,0,0.000058,0.003223,0.000199
416#0.000814,0.000006,0.000045,0.00273,0.000226
417#0.0009,0,0.000056,0.002327,0.000252
418#0.000977,0,0.000067,0.002009,0.000281
419#0.001003,0,0.000082,0.001725,0.000308
420#0.00125,0.000002,0.000084,0.001539,0.000334
421#0.001371,0.000004,0.000112,0.001339,0.000404
422#0.001612,0,0.000111,0.001167,0.000433
423#0.001902,0.000007,0.00016,0.001074,0.000509
424#0.002255,0.000002,0.000184,0.000928,0.000583
425#0.002393,0.000008,0.000209,0.000828,0.000651
426#0.002811,0.000008,0.000248,0.000726,0.000751
427#0.003114,0,0.000276,0.000621,0.000835
428#0.003487,0.000001,0.000342,0.000526,0.000959
429#0.003948,0.000001,0.000394,0.000457,0.001066
430#0.004323,0.000004,0.000457,0.000438,0.001225
431#0.004984,0.000003,0.000522,0.000373,0.001378
432#0.005488,0.000002,0.000602,0.000345,0.001584
433#0.006263,0.000002,0.000683,0.000301,0.00178
434#0.006898,0,0.000787,0.000267,0.002011
435#0.00754,0.000005,0.000896,0.000262,0.002227
436#0.008417,0.000006,0.001012,0.000241,0.002528
437#0.009223,0,0.001158,0.000208,0.002845
438#0.010161,0.000007,0.00134,0.000183,0.00318
439#0.010892,0,0.001534,0.000181,0.003553
440#0.0121,0.000004,0.001741,0.000161,0.003983
441#0.013432,0.000003,0.001952,0.000151,0.004509
442#0.014565,0,0.002262,0.000134,0.005035
443#0.015951,0.000001,0.002514,0.000128,0.00566
444#0.017329,0.000011,0.00281,0.000117,0.006279
445#0.019238,0,0.003179,0.000113,0.007107
446#0.020827,0.000005,0.003555,0.000098,0.007934
447#0.022732,0.000004,0.004014,0.000095,0.008917
448#0.024761,0,0.00442,0.000092,0.009971
449#0.026081,0,0.004894,0.000083,0.011073
450#0.028071,0,0.0054,0.000077,0.012085
451#0.028991,0.000003,0.005977,0.000069,0.013109
452#0.030212,0.000003,0.006467,0.000072,0.014053
453#0.030589,0,0.00706,0.000067,0.014799
454#0.03076,0.000004,0.007548,0.000075,0.015227
455#0.029906,0.000001,0.008104,0.000059,0.015345
456#0.029049,0,0.008531,0.000059,0.015208
457#0.027156,0.000001,0.008944,0.000051,0.014745
458#0.025503,0,0.009198,0.000047,0.014213
459#0.023597,0,0.009299,0.000008,0.013424
460#0.02182,0.000002,0.009326,0.000051,0.012728
461#0.019675,0.000002,0.009206,0.000047,0.011833
462#0.018022,0.000003,0.008948,0.000053,0.011122
463#0.016313,0,0.008582,0.000047,0.010384
464#0.015071,0.000001,0.008166,0.000047,0.00983
465#0.014041,0.000002,0.007572,0.000047,0.009266
466#0.012993,0,0.00706,0.000046,0.008934
467#0.012293,0.000002,0.006589,0.000048,0.008579
468#0.011552,0.000004,0.005945,0.000035,0.00835
469#0.010821,0.000005,0.005495,0.000042,0.008013
470#0.010168,0,0.004994,0.00003,0.007684
471#0.009441,0,0.004668,0.000041,0.007502
472#0.008733,0.000001,0.004211,0.000039,0.007191
473#0.008095,0,0.003924,0.000039,0.006913
474#0.007487,0,0.003603,0.000032,0.006547
475#0.006805,0.000004,0.003325,0.000031,0.006182
476#0.006441,0.000002,0.003035,0.000035,0.00592
477#0.005941,0.000001,0.002788,0.000032,0.005666
478#0.005471,0.000003,0.002555,0.000029,0.005439
479#0.005035,0,0.002319,0.00003,0.005217
480#0.004867,0,0.002127,0.000028,0.005078
481#0.004683,0.000001,0.001894,0.000027,0.004948
482#0.004337,0,0.001747,0.000022,0.004906
483#0.004179,0.000002,0.001576,0.000031,0.004851
484#0.004136,0,0.00142,0.000019,0.004861
485#0.003977,0,0.001283,0.000024,0.004831
486#0.003974,0,0.001158,0.000022,0.004958
487#0.003857,0,0.001037,0.000022,0.004999
488#0.003812,0,0.000951,0.000022,0.005007
489#0.003777,0,0.000825,0.000017,0.005044
490#0.003784,0,0.000772,0.000023,0.00515
491#0.00378,0,0.000687,0.00002,0.005229
492#0.003846,0.000001,0.000629,0.000018,0.005288
493#0.003844,0.000004,0.000589,0.000024,0.00539
494#0.003909,0.000002,0.000535,0.000016,0.005508
495#0.004021,0,0.000473,0.000015,0.005584
496#0.004142,0.000004,0.000438,0.00003,0.005723
497#0.004311,0,0.000378,0.000019,0.005812
498#0.004451,0.000002,0.000358,0.000018,0.005993
499#0.004658,0.000002,0.000326,0.000017,0.006085
500#0.004737,0.000001,0.000291,0.000019,0.006281
501#0.005022,0.000005,0.000267,0.000017,0.006432
502#0.0051,0.000002,0.000239,0.000017,0.006541
503#0.005513,0.000001,0.000225,0.000017,0.00671
504#0.005723,0.000004,0.0002,0.000016,0.006875
505#0.00575,0.000003,0.000182,0.000018,0.006973
506#0.005974,0.000001,0.000165,0.000016,0.007143
507#0.006305,0.000001,0.00015,0.000016,0.00725
508#0.006465,0,0.000139,0.000015,0.007438
509#0.006644,0.000004,0.000124,0.000017,0.007489
510#0.006819,0,0.000114,0.000011,0.007577
511#0.007145,0,0.000108,0.000014,0.007763
512#0.007274,0.000001,0.000102,0.000013,0.007835
513#0.007455,0,0.000077,0.000012,0.007938
514#0.007741,0.000003,0.000076,0.000013,0.008061
515#0.007856,0.000002,0.000071,0.000015,0.00814
516#0.008053,0.000004,0.000075,0.000013,0.008184
517#0.008084,0,0.000068,0.000017,0.008298
518#0.008291,0,0.000058,0.000011,0.008359
519#0.008524,0.000004,0.00006,0.000016,0.00847
520#0.008529,0.000001,0.000054,0.000016,0.008511
521#0.008742,0.000004,0.000056,0.000011,0.008567
522#0.00877,0.000002,0.000038,0.000014,0.008711
523#0.00886,0.000001,0.000051,0.000002,0.008745
524#0.00907,0.000001,0.000036,0.000003,0.008742
525#0.009245,0.000001,0.000028,0.000012,0.008838
526#0.009285,0.000003,0.000032,0.000009,0.00897
527#0.009218,0.000007,0.000042,0.000014,0.00903
528#0.009448,0.000021,0.000045,0.000033,0.009087
529#0.009589,0.000005,0.000032,0.000008,0.00911
530#0.00966,0.000003,0.000027,0.000013,0.009192
531#0.009666,0.000007,0.000022,0.000015,0.009219
532#0.009722,0,0.000019,0.000001,0.009292
533#0.009753,0.000002,0.000016,0.000005,0.009343
534#0.009696,0.000001,0.00002,0.000008,0.009406
535#0.009789,0,0.000016,0.000008,0.009436
536#0.009777,0.000005,0.000019,0.000011,0.009548
537#0.009941,0,0.00001,0.000007,0.009559
538#0.00988,0.000008,0.000023,0.000014,0.00965
539#0.009868,0.000002,0.000017,0.000007,0.009661
540#0.009834,0,0.000009,0.000006,0.009726
541#0.009841,0.000005,0.000014,0.000011,0.009778
542#0.009836,0,0.00001,0.000004,0.009833
543#0.009921,0.000001,0.000015,0.000007,0.009894
544#0.009817,0.000006,0.00001,0.000011,0.00997
545#0.009943,0.000001,0.000009,0.000007,0.009999
546#0.009995,0.000007,0.000017,0.000015,0.010123
547#0.010059,0.000004,0.000013,0.000011,0.010161
548#0.009966,0,0.000009,0.000003,0.010174
549#0.009906,0.000003,0.00001,0.000007,0.010339
550#0.009837,0,0.000008,0.000006,0.010368
551#0.009934,0,0.000009,0.000007,0.010497
552#0.009802,0.000005,0.000011,0.000013,0.01052
553#0.009837,0.000002,0.000009,0.000005,0.010606
554#0.009794,0.000001,0.000013,0.000009,0.010662
555#0.00997,0,0.000004,0.000012,0.010737
556#0.009783,0.000006,0.000011,0.000005,0.010811
557#0.009818,0,0.000003,0.000007,0.010843
558#0.009684,0,0.000008,0.000006,0.010968
559#0.009755,0.000004,0.000009,0.000009,0.011081
560#0.009804,0.000011,0.000011,0.000015,0.011126
561#0.009637,0.000001,0.000006,0.000003,0.011218
562#0.009656,0.000007,0.000012,0.00001,0.011313
563#0.009538,0.000005,0.000009,0.000009,0.011321
564#0.009444,0.000002,0.000006,0.000006,0.01146
565#0.009438,0.000008,0.000008,0.000006,0.011592
566#0.009491,0.000002,0.000003,0.000005,0.01163
567#0.009575,0.000007,0.000008,0.000003,0.011694
568#0.009358,0.000007,0.000008,0.000015,0.011826
569#0.009405,0.000007,0.000004,0.000005,0.01186
570#0.009231,0.000007,0.000011,0.000006,0.011944
571#0.009187,0.000011,0.000002,0.000007,0.012002
572#0.009245,0.000011,0.000007,0.000004,0.012067
573#0.009124,0.000017,0.000009,0.00001,0.012188
574#0.009089,0.000013,0.000007,0.000007,0.012223
575#0.009096,0.000017,0.000007,0.000009,0.012281
576#0.008973,0.000019,0.000006,0.000008,0.012364
577#0.008935,0.00002,0.000007,0.000005,0.012435
578#0.008855,0.000026,0.00001,0.000011,0.012531
579#0.008887,0.000021,0.000004,0.000003,0.012546
580#0.008773,0.000028,0.000006,0.000008,0.012742
581#0.008695,0.000031,0.000006,0.000006,0.012739
582#0.008659,0.000032,0.000007,0.000008,0.012778
583#0.008615,0.000037,0.000006,0.000003,0.012842
584#0.008545,0.00004,0.000004,0.000008,0.012873
585#0.008443,0.000046,0.000009,0.000007,0.012939
586#0.008406,0.000054,0.000004,0.000004,0.012944
587#0.008246,0.000064,0.000005,0.000007,0.012981
588#0.008313,0.000067,0.000008,0.000009,0.013038
589#0.008161,0.00008,0.000011,0.000008,0.013045
590#0.008129,0.000081,0.000005,0.000008,0.013095
591#0.007998,0.000094,0.000002,0.000003,0.013066
592#0.007907,0.000112,0.000008,0.000008,0.013127
593#0.007843,0.000115,0,0.000006,0.013079
594#0.007717,0.000136,0.000009,0.000008,0.013115
595#0.007562,0.000145,0.000005,0.000007,0.013128
596#0.007585,0.000165,0.000008,0.000011,0.013173
597#0.00743,0.000192,0.000006,0.000009,0.013132
598#0.007415,0.000207,0.000006,0.000011,0.013076
599#0.007233,0.000229,0,0.000002,0.013051
600#0.007308,0.000256,0.000006,0.000007,0.013053
601#0.00717,0.000274,0.00001,0.000004,0.013
602#0.006959,0.000305,0.000001,0.000004,0.012938
603#0.006869,0.000352,0.000009,0.000009,0.012898
604#0.006872,0.000373,0.000002,0.000002,0.012792
605#0.00667,0.000423,0.000003,0.000006,0.012893
606#0.0067,0.00047,0.000005,0.00001,0.012733
607#0.006634,0.000533,0.000006,0.000006,0.012683
608#0.006515,0.000599,0.000006,0.000003,0.012604
609#0.006431,0.000669,0,0.00001,0.012567
610#0.006287,0.000748,0.000007,0.000007,0.012428
611#0.006141,0.000826,0.000005,0.00001,0.012402
612#0.006031,0.00094,0.000008,0.000008,0.012275
613#0.005985,0.00104,0.000001,0.000003,0.012123
614#0.0059,0.001137,0.000009,0.000007,0.012129
615#0.005856,0.001278,0.000005,0.000007,0.011972
616#0.005708,0.001435,0.000002,0.000003,0.011925
617#0.005642,0.001587,0.000005,0.000008,0.011723
618#0.005538,0.001759,0.000003,0.000006,0.011642
619#0.00546,0.001963,0.000003,0.000009,0.011511
620#0.005255,0.002143,0.000002,0.000009,0.011334
621#0.005198,0.002373,0.00001,0.000006,0.011211
622#0.005138,0.002607,0.000002,0.000009,0.011089
623#0.005074,0.002877,0.000004,0.000011,0.011004
624#0.004947,0.003119,0.000001,0.000008,0.010797
625#0.004863,0.003392,0.000002,0.000015,0.010609
626#0.00484,0.003662,0.000006,0.000005,0.010595
627#0.004696,0.004003,0.000005,0.000001,0.010346
628#0.004596,0.00438,0.000002,0.000008,0.010248
629#0.004493,0.004791,0.000005,0.000012,0.010117
630#0.004324,0.005145,0.00001,0.000007,0.009906
631#0.004452,0.00548,0,0.000005,0.009726
632#0.00433,0.005711,0.000002,0.000005,0.009617
633#0.004262,0.005859,0.000005,0.000008,0.009431
634#0.004035,0.00586,0.000003,0.000008,0.009289
635#0.004045,0.005603,0.000006,0.000004,0.009043
636#0.003987,0.005176,0.000003,0.000004,0.008922
637#0.003845,0.004622,0.000003,0.000007,0.008756
638#0.00385,0.003964,0,0,0.008607
639#0.003677,0.003312,0.000003,0.000005,0.008473
640#0.003687,0.002701,0.000001,0.000005,0.00826
641#0.003537,0.002268,0.000002,0.000004,0.008125
642#0.003496,0.001852,0.000006,0.000008,0.007955
643#0.003484,0.001501,0,0.000006,0.00778
644#0.003393,0.001251,0.000009,0.000008,0.007663
645#0.003334,0.001062,0,0.000008,0.007465
646#0.00323,0.000873,0.000007,0.000005,0.007281
647#0.003166,0.000753,0,0.000006,0.007103
648#0.003089,0.000615,0,0.000001,0.007009
649#0.003051,0.000526,0.000001,0.000002,0.006822
650#0.002993,0.000432,0,0.000007,0.006691
651#0.002826,0.000359,0.000001,0.000003,0.006516
652#0.002741,0.000303,0,0.000004,0.006389
653#0.002718,0.000249,0.000005,0.000006,0.006247
654#0.00269,0.000198,0,0.000001,0.006087
655#0.002575,0.000184,0.00001,0.000012,0.005957
656#0.002635,0.00015,0,0.000006,0.005804
657#0.002477,0.000133,0.000001,0.000001,0.005665
658#0.002433,0.000114,0.000004,0.00001,0.005537
659#0.002322,0.0001,0.000005,0.00001,0.005381
660#0.002271,0.000086,0,0.000003,0.005266
661#0.002273,0.000079,0.000006,0.000007,0.005152
662#0.002206,0.000066,0.000002,0.000007,0.005045
663#0.00216,0.000063,0.000001,0.000002,0.004875
664#0.002095,0.00006,0.000002,0.000006,0.004744
665#0.002098,0.000056,0.000001,0.000007,0.004635
666#0.002023,0.000048,0.000003,0.000002,0.004506
667#0.001952,0.000048,0.000008,0.000011,0.004404
668#0.001958,0.000042,0,0.00001,0.004243
669#0.001848,0.000035,0,0,0.004153
670#0.001916,0.000035,0,0.000001,0.004078
671#0.001736,0.000035,0.000007,0.000003,0.003916
672#0.001766,0.00004,0,0.000001,0.00383
673#0.001673,0.00004,0.000003,0.00001,0.003758
674#0.001669,0.000033,0,0.000002,0.003591
675#0.001589,0.000041,0.000005,0.000008,0.003482
676#0.001545,0.000036,0.000004,0.000003,0.003426
677#0.001562,0.000034,0,0.000003,0.003339
678#0.001503,0.00004,0.000004,0.000004,0.003208
679#0.001497,0.00004,0,0.000004,0.003132
680#0.001437,0.000044,0,0.000004,0.003083
681#0.0014,0.000051,0.000005,0.000005,0.002976
682#0.001299,0.000053,0,0.000001,0.002896
683#0.001352,0.000046,0.000002,0,0.002814
684#0.001251,0.000058,0.000002,0.000004,0.002717
685#0.001285,0.000065,0.000003,0.000008,0.002632
686#0.001284,0.000059,0,0.000002,0.002564
687#0.001151,0.00007,0.000002,0.000005,0.002489
688#0.001145,0.000077,0,0.000002,0.002405
689#0.0011,0.00008,0.000003,0.000001,0.002319
690#0.001129,0.000092,0.000001,0.000004,0.002283
691#0.001118,0.000101,0,0.000003,0.002185
692#0.001054,0.000102,0.000005,0.000002,0.002147
693#0.001027,0.000107,0.000001,0.000002,0.002087
694#0.000951,0.000128,0,0.000004,0.002009
695#0.000969,0.00013,0.000002,0.000001,0.00197
696#0.000962,0.000149,0.000004,0.00001,0.001911
697#0.000876,0.000159,0.000001,0.000004,0.001843
698#0.00091,0.000188,0,0.000009,0.00178
699#0.000894,0.000184,0.000001,0.000008,0.001736
700#0.000939,0.000197,0,0,0.0017
701#0.000812,0.000222,0.000001,0.00001,0.001612
702#0.000888,0.000235,0,0,0.001577
703#0.000785,0.000257,0.000002,0,0.001547
704#0.000861,0.000269,0.000004,0.000004,0.001471
705#0.000781,0.000301,0,0.000005,0.001441
706#0.000751,0.000318,0.000003,0,0.001399
707#0.000742,0.000346,0,0.000004,0.001326
708#0.000639,0.000383,0.000001,0.000011,0.001316
709#0.000778,0.000424,0.000001,0.000002,0.001272
710#0.000739,0.000446,0.000005,0.000008,0.001235
711#0.000662,0.000486,0,0,0.001184
712#0.000643,0.000515,0,0,0.001136
713#0.000609,0.000575,0.000007,0.000007,0.001143
714#0.000588,0.000606,0,0.000001,0.001068
715#0.000557,0.000676,0.000001,0.000001,0.001076
716#0.00062,0.000715,0.000001,0.000002,0.001016
717#0.000572,0.000788,0,0,0.001007
718#0.000589,0.000848,0.000006,0.000004,0.000952
719#0.000586,0.000891,0,0.000003,0.000931
720#0.000486,0.000991,0.000005,0.000002,0.000904
721#0.000598,0.001043,0,0.000005,0.000871
722#0.000544,0.001135,0,0.000011,0.000851
723#0.000523,0.001219,0,0,0.000809
724#0.000525,0.001312,0.000004,0.000009,0.000803
725#0.000506,0.001424,0.000002,0.000004,0.00078
726#0.000476,0.001537,0,0,0.000749
727#0.000434,0.001637,0.000015,0.000004,0.000729
728#0.000455,0.001767,0,0,0.000696
729#0.000439,0.001934,0,0.000002,0.000677
730#0.000446,0.002019,0.000013,0.000004,0.000651
731#0.000415,0.002226,0,0.000007,0.000639
732#0.000431,0.002334,0.000003,0.000002,0.000635
733#0.000409,0.002483,0,0,0.000599
734#0.00037,0.002689,0.000001,0.000001,0.000593
735#0.000362,0.002862,0.000004,0.000004,0.000563
736#0.000383,0.003046,0.000001,0.000002,0.000545
737#0.000323,0.003154,0,0.000002,0.000514
738#0.000264,0.003352,0,0,0.000513
739#0.000286,0.003481,0,0,0.000491
740#0.000301,0.003603,0.000003,0.000006,0.00048
741#0.000253,0.00371,0.000005,0.000003,0.000471
742#0.000341,0.003683,0,0.000002,0.000442
743#0.000329,0.003661,0.000001,0.000003,0.000436
744#0.000304,0.003567,0.000003,0,0.000422
745#0.000331,0.003407,0.00001,0.000013,0.000423
746#0.000293,0.003213,0,0.000004,0.000403
747#0.000353,0.002944,0,0.000004,0.000378
748#0.00027,0.002689,0.00001,0.000005,0.000379
749#0.000333,0.002398,0.000012,0.000019,0.000364
750#0.000281,0.00215,0,0,0.000355
751#0.000244,0.001898,0.000005,0.000006,0.00034
752#0.000243,0.001663,0,0,0.00032
753#0.000268,0.001483,0.000001,0.000006,0.00032
754#0.000338,0.001269,0.000001,0,0.000317
755#0.000238,0.001125,0.000014,0.000016,0.000311
756#0.000239,0.000966,0,0.000002,0.00029
757#0.000206,0.000828,0.000002,0.000002,0.000289
758#0.000207,0.000719,0.000007,0.000006,0.000282
759#0.000246,0.000584,0,0.000001,0.000264
760#0.000167,0.000504,0,0.000009,0.000262
761#0.000219,0.000444,0.000001,0.000008,0.000243
762#0.00012,0.000376,0,0.000001,0.000244
763#0.000199,0.000306,0.000005,0,0.00024
764#0.000229,0.000259,0,0.000007,0.000224
765#0.000169,0.000218,0.000003,0,0.000234
766#0.000213,0.000173,0,0,0.000224
767#0.000158,0.00017,0,0.000004,0.000201
768#0.000209,0.000143,0,0,0.000188
769#0.000226,0.000126,0.000005,0.000003,0.000195
770#0.000196,0.000121,0.000005,0,0.000192
771#0.000217,0.000094,0,0,0.000192
772#0.000157,0.000074,0.000007,0.000006,0.000185
773#0.000207,0.000065,0.000002,0,0.000169
774#0.000181,0.000068,0,0.000002,0.000166
775#0.00017,0.000058,0.00001,0.000006,0.000163
776#0.00016,0.000043,0,0,0.000148
777#0.000203,0.000043,0.000003,0.000001,0.000134
778#0.000231,0.000033,0.000002,0,0.000141
779#0.000164,0.000027,0.000004,0,0.000139
780#0.000198,0.000028,0.000001,0.000002,0.000129
781#0.000107,0.000023,0.000005,0.000006,0.000146
782#0.000183,0.00002,0.000001,0.000003,0.000123
783#0.000129,0.000014,0,0,0.000116
784#0.000134,0.000011,0,0.000004,0.000126
785#0.000125,0.000015,0,0.000001,0.000111
786#0.00015,0.000023,0,0,0.000111
787#0.000069,0.00001,0.000008,0.000001,0.000112
788#0.000143,0.000014,0,0,0.000105
789#0.00012,0.000013,0,0.000006,0.000105
790#0.000125,0.000006,0.000002,0,0.000105
791#0.000131,0,0,0,0.000083
792#0.000122,0.000017,0.000005,0.000006,0.000095
793#0.000112,0.000015,0.000009,0.000007,0.000104
794#0.000177,0.000008,0.000005,0.000003,0.000089
795#0.000131,0.00001,0,0,0.00009
796#0.000036,0.000005,0,0.000008,0.000092
797#0.0002,0.000007,0,0.000005,0.000077
798#0.000103,0.000004,0,0.000002,0.000074
799#0.000105,0.000002,0,0,0.000064
800#0.000073,0,0,0,0.000059
801#0.000189,0.005889,0.009349,0.021525,0.015347
802#0.002138,0,0,0,0
803#0.002046,0,0,0,0
804#0.002313,0,0,0,0
805#0.002198,0,0,0,0.001934
806#0.002402,0,0,0,0
807#0.002223,0,0,0,0
808#0.002437,0,0,0,0
809#0.00259,0,0,0,0
810#0.002754,0,0,0,0
811#0.002662,0,0,0,0
812#0.002521,0,0,0,0
813#0.002769,0,0,0,1.42737E+17
814#0.002667,0,0,0,0
815#0.003013,0,0,0,-1.39394E+14
816#0.002568,0,0,0,0
817#0.002973,0,8.6962E+16,2.00209E+17,0.000008
818#0.002987,0,-1870681.028,0,0
819#0.002865,0,4.2958E+22,0,5.57566E+14
820#0.002897,0,0,0,0
